0
0
0
1555
0
2612
3947
4553
5560
6653
8238
9783
10983
13671
15922
17270
18739
19962
23092
26002
27394
30549
33847
36167
41183
43884
46419
49308
53517
57800
61505
66276
71474
73896
77442
83366
87147
92770
98499
102244
107445
112570
117196
126475
127372
135548
139687
145344
160168
161624
169827
175448
186035
188819
217223
208360
215634
258040
232110
236684
266740
266850
298835
346767
330566
320472
314671
410240
416226
404346
366589
356270
402697
484713
412942
398652
429798
436440
437603
454831
452142
495180
487018
525863
496480
765603
513477
541697
550028
536823
563758
554652
614300
671660
669651
714786
642320
854335
694561
708081
