0
0
997
1995
2375
2991
5378
8523
10095
15873
16911
19240
23567
29272
33579
36601
47468
53827
55389
62672
65349
70936
80698
86020
93922
101514
110559
119556
128856
140219
148982
156095
165446
173254
187625
194271
210757
220031
241673
250957
252797
277284
280261
296443
307031
324211
344200
366240
373106
423520
423126
427072
456772
499937
511487
493138
553160
533727
547297
575593
842736
691800
694436
721596
816060
711751
738869
1212038
954762
911738
893075
943785
1020744
1336493
981724
1001848
1042682
1122517
1099055
1194029
1266543
1680481
1318903
1319353
1281776
2256968
1583906
1475438
1483966
1512490
1548337
1625082
1839071
1929958
1732527
1954256
1998472
2249246
2029920
2073027
